There are a total of 170 points in the trajectory
-0.693108,-0.0262995,-0.0647254,0.700981,-0,-0,0,0,
-0.693198,-0.0267995,-0.0644914,0.701202,-0.00181351,-0.01,0.00467908,0.0044142,
-0.693465,-0.0282995,-0.0637906,0.701854,-0.00349324,-0.0200006,0.00933178,0.00856241,
-0.693888,-0.0307996,-0.0626268,0.702897,-0.00491105,-0.0300017,0.013932,0.0121892,
-0.694434,-0.0342999,-0.0610069,0.704266,-0.00593965,-0.040003,0.0184512,0.0150395,
-0.695059,-0.0388002,-0.0589403,0.705871,-0.00645748,-0.0500046,0.0228593,0.0168682,
-0.695705,-0.0443008,-0.0564398,0.707598,-0.00634876,-0.060006,0.027123,0.0174401,
-0.69627,-0.0507889,-0.0534792,0.709713,-0.00444892,-0.0695828,0.0324633,0.0285865,
-0.696625,-0.0582472,-0.0500257,0.712535,-0.00250867,-0.0795842,0.0365684,0.0275369,
-0.696739,-0.0667057,-0.046174,0.715155,0.000401116,-0.0895846,0.0404197,0.0245294,
-0.696607,-0.0755997,-0.0420687,0.718312,0.00254176,-0.0919856,0.0431537,0.0378686,
-0.696187,-0.084472,-0.037946,0.721615,0.00560673,-0.0838077,0.0385638,0.0279224,
-0.695521,-0.0923544,-0.0343465,0.724012,0.00820503,-0.0739666,0.0344124,0.0279524,
-0.694454,-0.100169,-0.0306675,0.727328,0.0129265,-0.0831234,0.0388334,0.032693,
-0.692914,-0.108922,-0.0266211,0.730416,0.0173206,-0.0882875,0.040369,0.0275798,
-0.69116,-0.117398,-0.0226543,0.733784,0.0186876,-0.0854074,0.0409077,0.0411586,
-0.689236,-0.125439,-0.0188423,0.737333,0.0195874,-0.0754104,0.0353764,0.0302611,
-0.687283,-0.13248,-0.0155703,0.739915,0.0192856,-0.0654131,0.0301052,0.0217231,
-0.685001,-0.139154,-0.0123892,0.743108,0.0260442,-0.0712855,0.0338732,0.0334602,
-0.682121,-0.146608,-0.00888702,0.746301,0.0297124,-0.0729315,0.0338728,0.0282635,
-0.6792,-0.153437,-0.00570848,0.749032,0.0300338,-0.0664114,0.032154,0.0370547,
-0.675766,-0.160577,-0.00225082,0.753052,0.0383887,-0.0759876,0.0363659,0.0395148,
-0.672013,-0.167676,0.00110347,0.756425,0.0364176,-0.0659908,0.0307772,0.028423,
-0.66818,-0.174089,0.00416109,0.759826,0.0426979,-0.067177,0.0322323,0.0380405,
-0.663842,-0.180654,0.00726712,0.763232,0.0418218,-0.0609933,0.0284502,0.0287748,
-0.659873,-0.186256,0.00985372,0.765707,0.0390107,-0.0511077,0.0242671,0.0292031,
-0.655382,-0.19174,0.0125085,0.76937,0.050686,-0.0598,0.0285884,0.037596,
-0.649686,-0.198222,0.0155519,0.77307,0.0635126,-0.0697987,0.0321743,0.0358341,
-0.643024,-0.204755,0.0185849,0.776953,0.0670752,-0.0602874,0.027896,0.0378307,
-0.636687,-0.210284,0.0210909,0.780085,0.0593214,-0.0502894,0.022315,0.0254324,
-0.631043,-0.214827,0.0231095,0.782559,0.0597403,-0.0418396,0.0197907,0.0366629,
-0.624156,-0.219511,0.0252698,0.786311,0.0783933,-0.0518379,0.0232922,0.0376433,
-0.616085,-0.224643,0.0275157,0.789726,0.0827687,-0.0469258,0.0205896,0.0367806,
-0.607979,-0.228845,0.0293358,0.793224,0.0741275,-0.0370178,0.0155094,0.0281379,
-0.601436,-0.232047,0.0306393,0.795429,0.0563194,-0.0270173,0.0106793,0.0166893,
-0.596327,-0.234301,0.0315432,0.797171,0.0580168,-0.0213737,0.00915693,0.0269371,
-0.589052,-0.236921,0.0326199,0.800198,0.0813594,-0.0286636,0.0112768,0.0301196,
-0.582203,-0.239288,0.0335135,0.802463,0.0550493,-0.0186625,0.00675203,0.0161198,
-0.577379,-0.240714,0.0340325,0.804096,0.0600395,-0.0134561,0.0051163,0.026065,
-0.569015,-0.242544,0.0346735,0.80732,0.0975777,-0.0208506,0.0066815,0.0330968,
-0.561448,-0.244129,0.0351404,0.809597,0.0528244,-0.0108487,0.00291441,0.013956,
-0.556932,-0.244794,0.0352836,0.810963,0.0663336,-0.00599622,0.000580063,0.022472,
-0.546515,-0.245708,0.0352983,0.813978,0.11996,-0.0102268,-0.000669367,0.0291054,
-0.538518,-0.246371,0.0352132,0.815661,0.0399784,-0.00291104,-0.000718485,0.00763113,
-0.53309,-0.246397,0.0349852,0.8171,0.0897566,0.000485817,-0.00431015,0.0229556,
-0.521806,-0.24633,0.0343784,0.819471,0.0961728,0.000611952,-0.00569889,0.0160241,
-0.516022,-0.246268,0.0340132,0.820351,0.032211,0.00241418,-0.00274377,0.00735021,
-0.510287,-0.245533,0.0334144,0.821975,0.092096,0.0123321,-0.0100533,0.0246247,
-0.498978,-0.244046,0.0321308,0.824477,0.0960737,0.0124261,-0.0112988,0.0170233,
-0.492923,-0.243173,0.0313708,0.825513,0.0414261,0.00962384,-0.00665949,0.00986489,
-0.486559,-0.241711,0.0303366,0.826864,0.0863156,0.0196215,-0.0141738,0.0161531,
-0.476964,-0.239563,0.0287386,0.828319,0.0834689,0.018414,-0.0140877,0.00980928,
-0.470933,-0.238155,0.0276794,0.828994,0.0384109,0.0135559,-0.00854824,0.00813689,
-0.465625,-0.236299,0.0264939,0.830003,0.0680202,0.0235538,-0.0152405,0.0115,
-0.45739,-0.233488,0.0246403,0.831136,0.0871943,0.0293651,-0.0197136,0.00935866,
-0.450075,-0.23105,0.0229799,0.831738,0.0572454,0.0200208,-0.0134795,0.00440448,
-0.44448,-0.228553,0.0214449,0.832583,0.0660911,0.0299695,-0.0184394,0.00921115,
-0.436731,-0.225087,0.0192823,0.833429,0.0825672,0.0364282,-0.0230463,0.00659258,
-0.429521,-0.221945,0.0172702,0.833818,0.0613422,0.0264266,-0.0171179,0.00177794,
-0.424276,-0.219155,0.0156043,0.834471,0.0565592,0.032499,-0.0189472,0.00875028,
-0.417663,-0.215406,0.0133939,0.835302,0.0759361,0.0424959,-0.025322,0.00739341,
-0.409343,-0.210822,0.0106279,0.835834,0.0817434,0.0443529,-0.0270932,0.00258381,
-0.402606,-0.206298,0.0080055,0.836395,0.069053,0.0497028,-0.0284871,0.00591791,
-0.394892,-0.200838,0.0048427,0.836782,0.0828934,0.0577214,-0.0337788,0.00129774,
-0.387305,-0.195529,0.00172586,0.83674,0.0626171,0.0515302,-0.0290225,0.00394038,
-0.380678,-0.189876,-0.00144252,0.837137,0.0731108,0.0615245,-0.0347606,0.00196612,
-0.372825,-0.18339,-0.00514265,0.837044,0.0781485,0.0633807,-0.0364933,-0.0038546,
-0.366288,-0.177218,-0.00858652,0.837046,0.0599459,0.0649381,-0.0353585,0.00291024,
-0.359716,-0.170243,-0.0124167,0.837081,0.0693924,0.0721739,-0.0399658,-0.00251536,
-0.353149,-0.163523,-0.0161644,0.836598,0.0577039,0.0633805,-0.0350289,-0.00426473,
-0.347545,-0.156688,-0.0198902,0.836259,0.0610082,0.0733417,-0.040221,-0.00599765,
-0.341649,-0.14974,-0.0237259,0.835448,0.0558266,0.0645145,-0.0358462,-0.00980387,
-0.336762,-0.143692,-0.0270534,0.834623,0.0375373,0.0607275,-0.0321364,-0.00209137,
-0.332609,-0.13712,-0.0305521,0.834208,0.0456598,0.0707243,-0.037865,-0.0065021,
-0.327645,-0.129614,-0.0345956,0.833271,0.0511517,0.0755522,-0.0409506,-0.0119249,
-0.323262,-0.122347,-0.0384762,0.832386,0.0372592,0.074771,-0.0390437,-0.00456982,
-0.319164,-0.11437,-0.0426685,0.831642,0.0448511,0.084767,-0.0448299,-0.0106442,
-0.314278,-0.105403,-0.0474413,0.830197,0.0478337,0.0928331,-0.0493468,-0.0162115,
-0.310651,-0.0965258,-0.0520945,0.828882,0.0345641,0.0838687,-0.0441456,-0.0147206,
-0.307288,-0.088639,-0.0562675,0.827262,0.0325576,0.0738686,-0.0392836,-0.0173948,
-0.304475,-0.0816273,-0.0599719,0.825698,0.0187303,0.070919,-0.036466,-0.00973888,
-0.30237,-0.0740356,-0.063896,0.824447,0.0235068,0.0809156,-0.042037,-0.0155743,
-0.29986,-0.0658048,-0.0681943,0.822615,0.0252006,0.0789024,-0.0414138,-0.0199402,
-0.298029,-0.0582035,-0.072125,0.82105,0.0108881,0.0780778,-0.0395862,-0.0109403,
-0.296751,-0.049891,-0.0763637,0.819639,0.0147971,0.0880742,-0.0451609,-0.0175726,
-0.295097,-0.040883,-0.0810089,0.817549,0.0173644,0.0871319,-0.0451782,-0.0230411,
-0.29442,-0.0317971,-0.0856545,0.815523,0.00621081,0.0957898,-0.0490879,-0.023214,
-0.293639,-0.0222367,-0.0905825,0.812874,0.00900886,0.0913881,-0.0473742,-0.0285096,
-0.293389,-0.0132741,-0.0951766,0.810415,-0.00621748,0.0927547,-0.0468151,-0.0201397,
-0.293845,-0.00430765,-0.0997297,0.808169,-0.00292519,0.0847668,-0.0432961,-0.0240695,
-0.294005,0.00366887,-0.103824,0.805668,-0.00118514,0.0747433,-0.0384763,-0.0250566,
-0.295127,0.011419,-0.107745,0.803616,-0.0127678,0.0822973,-0.0416955,-0.0228176,
-0.296335,0.0201517,-0.112195,0.800895,-0.0111979,0.0922931,-0.0472984,-0.0319375,
-0.297825,0.0291878,-0.116818,0.797761,-0.0243847,0.0900376,-0.0456785,-0.0281394,
-0.30007,0.0380925,-0.121365,0.794641,-0.0197153,0.0845488,-0.043432,-0.0328378,
-0.301788,0.0460474,-0.125472,0.791278,-0.0148215,0.0745492,-0.0386851,-0.0340815,
-0.30488,0.0537992,-0.129395,0.788711,-0.0342132,0.0823364,-0.0417305,-0.0281396,
-0.308058,0.0618181,-0.133486,0.785664,-0.0284262,0.0753868,-0.0386921,-0.0315442,
-0.311094,0.068934,-0.13713,0.782745,-0.0399629,0.0709098,-0.0359141,-0.0246431,
-0.315198,0.0764919,-0.140985,0.779811,-0.040347,0.077241,-0.0396642,-0.0331458,
-0.318827,0.083716,-0.144718,0.776426,-0.0324133,0.0672418,-0.03495,-0.0341759,
-0.322907,0.090345,-0.148147,0.77329,-0.0459478,0.0699042,-0.0362446,-0.0338343,
-0.327072,0.0968962,-0.151565,0.769846,-0.0371731,0.0605144,-0.0317715,-0.0343389,
-0.330379,0.102448,-0.154495,0.766497,-0.0291438,0.0505142,-0.0267844,-0.0322922,
-0.334844,0.107622,-0.157176,0.764029,-0.0496524,0.0562751,-0.0292387,-0.0276038,
-0.34,0.113633,-0.160322,0.760798,-0.0494762,0.0593761,-0.0313075,-0.03473,
-0.344519,0.119071,-0.163204,0.757445,-0.0507676,0.0494491,-0.0259629,-0.0265245,
-0.350516,0.124377,-0.165987,0.754715,-0.0642371,0.0579947,-0.0306811,-0.0327546,
-0.356374,0.129805,-0.168884,0.751352,-0.0517808,0.04932,-0.026529,-0.0332658,
-0.361463,0.134281,-0.171296,0.748352,-0.0605078,0.0433851,-0.0232898,-0.0257284,
-0.367929,0.139029,-0.17387,0.74524,-0.0629321,0.047377,-0.0259252,-0.0340359,
-0.373432,0.143268,-0.176208,0.741956,-0.0473837,0.0373769,-0.0207837,-0.0310822,
-0.378364,0.14658,-0.178048,0.739392,-0.0608857,0.0326721,-0.0180795,-0.0215705,
-0.38524,0.150349,-0.180157,0.736626,-0.0761472,0.0426673,-0.0241437,-0.0344918,
-0.39181,0.154116,-0.182312,0.733297,-0.055633,0.0326683,-0.0188821,-0.0313569,
-0.398304,0.157162,-0.184103,0.730416,-0.0818171,0.0330825,-0.0198367,-0.0319719,
-0.406276,0.160467,-0.186115,0.726852,-0.0679027,0.0288762,-0.0178437,-0.0343861,
-0.411784,0.162855,-0.187606,0.723813,-0.0434145,0.0188846,-0.01191,-0.0253555,
-0.417558,0.164579,-0.188708,0.721874,-0.0761678,0.0204685,-0.0132715,-0.0227903,
-0.42609,0.166925,-0.19026,0.718891,-0.0762901,0.021486,-0.0145037,-0.0307329,
-0.431846,0.168575,-0.191389,0.716345,-0.0400022,0.0114966,-0.00798934,-0.0190326,
-0.436945,0.169538,-0.192131,0.714552,-0.0782169,0.0126519,-0.0103569,-0.0262598,
-0.446681,0.171157,-0.193498,0.710689,-0.0875386,0.0149829,-0.0130384,-0.0404363,
-0.452405,0.172156,-0.194383,0.707799,-0.0280246,0.0049836,-0.00449265,-0.0153831,
-0.457487,0.172461,-0.194802,0.706445,-0.0878808,0.00420979,-0.00673019,-0.0228027,
-0.468395,0.172998,-0.195711,0.702942,-0.0903357,0.00457452,-0.00818609,-0.0349776,
-0.4739,0.173227,-0.196195,0.700752,-0.0409958,-0.0011686,-0.00177693,-0.0100556,
-0.481585,0.172754,-0.196389,0.699201,-0.115796,-0.00761711,-0.00309273,-0.0269947,
-0.492176,0.172035,-0.196727,0.696102,-0.0694525,-0.00486224,-0.00260206,-0.0247316,
-0.496454,0.171551,-0.196782,0.694874,-0.0461373,-0.00854122,0.00141297,-0.00696256,
-0.503629,0.170197,-0.196578,0.69353,-0.0963313,-0.0185439,0.0025119,-0.0217141,
-0.513482,0.168245,-0.196356,0.690737,-0.0777137,-0.0158675,0.00144325,-0.0268461,
-0.520413,0.166403,-0.195963,0.689233,-0.0778476,-0.0232339,0.00580879,-0.0134757,
-0.529124,0.163736,-0.19533,0.687286,-0.0805943,-0.0253428,0.0056818,-0.0223168,
-0.535462,0.161701,-0.194895,0.685259,-0.0470829,-0.0155846,0.00332318,-0.0160478,
-0.540702,0.159647,-0.194256,0.684821,-0.0633169,-0.0255366,0.00802907,-0.00515613,
-0.548112,0.156594,-0.19332,0.683918,-0.0843471,-0.0355301,0.0106024,-0.013833,
-0.555616,0.153351,-0.192379,0.682348,-0.0608723,-0.0275355,0.00799161,-0.0140932,
-0.561742,0.150103,-0.19128,0.681917,-0.0685389,-0.0374789,0.0126396,-0.0059902,
-0.569219,0.145912,-0.189896,0.68091,-0.0742622,-0.0427,0.0138009,-0.0137104,
-0.575618,0.142115,-0.188674,0.67959,-0.0552158,-0.0360163,0.0130162,-0.000250618,
-0.581718,0.138014,-0.187185,0.679565,-0.0670284,-0.0460128,0.0164914,-0.00279626,
-0.588927,0.132933,-0.185394,0.678906,-0.0733703,-0.0531225,0.0183976,-0.0105484,
-0.595487,0.127985,-0.183629,0.678348,-0.0633418,-0.0503238,0.019179,0.00496005,
-0.602277,0.122452,-0.181547,0.678573,-0.0721528,-0.060326,0.0224017,-0.0010139,
-0.609014,0.11666,-0.179427,0.678124,-0.0600376,-0.0531186,0.0191488,-0.00735504,
-0.614987,0.111148,-0.177279,0.678797,-0.062892,-0.0597449,0.0236837,0.0102765,
-0.621617,0.104674,-0.174741,0.679565,-0.0694374,-0.0697469,0.0270251,0.00454751,
-0.62844,0.0975328,-0.171964,0.680033,-0.0649202,-0.0726909,0.029656,0.0166029,
-0.63516,0.0897637,-0.168829,0.681392,-0.0691893,-0.0826923,0.0330113,0.0100521,
-0.642204,0.0809945,-0.165364,0.682019,-0.070198,-0.0926788,0.0371149,0.0101515,
-0.648962,0.0714694,-0.161491,0.683458,-0.0630395,-0.0928894,0.0373706,0.00924345,
-0.654685,0.0626801,-0.157994,0.683896,-0.0515571,-0.082926,0.0332737,0.00603673,
-0.659706,0.0542122,-0.154469,0.685585,-0.0508786,-0.0893545,0.0370347,0.0153922,
-0.664325,0.0457609,-0.151,0.686663,-0.0416399,-0.0795152,0.0323204,0.0066019,
-0.668218,0.0381622,-0.147824,0.688031,-0.0387215,-0.0771428,0.0331512,0.0215105,
-0.672176,0.0299479,-0.144321,0.689997,-0.0402438,-0.0871441,0.0368714,0.0174083,
-0.676202,0.0207924,-0.140475,0.691498,-0.0386968,-0.092339,0.0395455,0.0212214,
-0.68001,0.0112351,-0.136323,0.694118,-0.0378573,-0.100486,0.0433359,0.0236305,
-0.683461,0.00150823,-0.132166,0.695981,-0.0307479,-0.0923577,0.0390984,0.0136559,
-0.686263,-0.00747273,-0.128259,0.698178,-0.0254699,-0.0871947,0.038158,0.0225495,
-0.688519,-0.0156923,-0.124688,0.700014,-0.0198305,-0.0771973,0.033287,0.014519,
-0.690263,-0.0229125,-0.12159,0.701207,-0.015295,-0.0672434,0.0295914,0.0173523,
-0.691603,-0.0291304,-0.118818,0.703094,-0.0115504,-0.0571733,0.0254555,0.01675,
-0.692601,-0.0343481,-0.116505,0.704509,-0.00850813,-0.0471811,0.0208213,0.0117686,
-0.693324,-0.0385662,-0.114651,0.705487,-0.00605651,-0.0371821,0.016286,0.00797152,
-0.693827,-0.0417845,-0.113245,0.706134,-0.00406738,-0.0271829,0.0118358,0.00510303,
-0.694149,-0.0440029,-0.112281,0.70653,-0.00241468,-0.0171848,0.00745111,0.00291082,
-0.694318,-0.0452214,-0.111753,0.706731,-0.00098662,-0.00718522,0.00311077,0.00117078,
-0.694353,-0.0454796,-0.111642,0.706773,4.87719e-19,3.55189e-18,-1.53776e-18,-5.78753e-19,

